# Created by Octave 4.0.0, Wed Feb 10 20:14:16 2016 CST <baobrien@baobrien-d-desktop>
# name: filt
# type: matrix
# rows: 1
# columns: 1001
 4.111934884608988e-05 4.529266752036107e-05 5.012294778018435e-05 5.387673663540811e-05 5.656595617636202e-05 5.754247327156636e-05 5.745029328387444e-05 5.810382275274602e-05 6.038440324493526e-05 6.151519405194188e-05 5.995001465356246e-05 5.965124091807071e-05 5.894036887788694e-05 5.282714911187688e-05 4.16286613756742e-05 2.733281113424976e-05 1.151301392357209e-05 -5.011952829637155e-06 -2.038060526743049e-05 -2.88950898384027e-05 -3.140205230802841e-05 -2.680377848432233e-05 -1.425766597021347e-05 2.754137907668088e-06 2.533067638032289e-05 5.098405707491412e-05 7.524935743597888e-05 9.490108720790089e-05 0.0001114408649087926 0.0001232907290105822 0.0001298558067129026 0.0001314146843973354 0.000126874153326206 0.0001211256678148737 0.0001128586850331393 0.0001021842594143064 9.340521285980458e-05 8.465588232787989e-05 7.602754602719386e-05 7.476083494605245e-05 7.795597606716329e-05 8.085052742218461e-05 8.855370570715267e-05 9.993747197784049e-05 0.0001100627878797455 0.0001157727179778551 0.0001211159686312227 0.0001276193402990368 0.0001274951568358215 0.0001237937282219144 0.0001199864757482567 0.0001145773485240607 0.0001078643622955885 9.949247921871633e-05 9.282321723585223e-05 8.670764514445847e-05 8.236867203976522e-05 8.178131856442866e-05 8.653490906422325e-05 9.474089964535933e-05 0.0001046664881685255 0.0001171407871684955 0.0001284375906324497 0.0001435371988464706 0.0001538019728144609 0.000157821986861445 0.0001617032194688335 0.000161139381508245 0.0001573044997290387 0.0001505912434581831 0.0001444545226667355 0.0001371895926370354 0.0001282916901414378 0.0001164777490003531 0.0001017868860228118 8.38857960955751e-05 6.397168698635467e-05 4.505424718694719e-05 2.609404178225459e-05 9.390120446350423e-06 -6.139147851498066e-06 -1.74535589572342e-05 -2.432568386408825e-05 -2.719609151945925e-05 -2.559556014458576e-05 -1.629614429158625e-05 -1.3631941893713e-06 1.383091083546116e-05 3.467670361993851e-05 6.180780852724694e-05 8.838658249276322e-05 0.0001119097915371812 0.0001372537482217498 0.0001573246833069575 0.0001685794934648446 0.0001736521706833196 0.0001743894362264053 0.000170440134727034 0.0001570034141396783 0.0001415291461137907 0.0001293030383250257 0.0001170129681552746 0.0001056747747162765 9.587608125739278e-05 8.209630166614193e-05 6.930393501059805e-05 6.085367944553192e-05 5.275816447026444e-05 4.194241650880381e-05 3.420239452264183e-05 3.304591574725996e-05 3.024288241806293e-05 3.012154305643325e-05 3.738917134601837e-05 4.770388200482866e-05 5.781977436721907e-05 7.420695272211161e-05 8.723833080263831e-05 9.505250826889752e-05 0.0001065158066456628 0.0001104312822684124 0.0001098275912662366 0.000107206024810334 0.0001025516069602837 9.894340278646091e-05 9.407503918864603e-05 8.7319365554045e-05 8.141197975598374e-05 8.422482885728253e-05 9.626406072217444e-05 0.0001047837385634293 0.0001197702730190546 0.0001441800101209614 0.000160456934552367 0.0001774138786603596 0.0001926926553236415 0.0001984206468214209 0.0001945597427125206 0.0001836754090288533 0.0001644147124457892 0.0001450923278130216 0.000131637876080013 0.0001194268883117051 0.0001142849115928036 0.0001090067194513346 0.0001167532618894625 0.0001293962113881341 0.0001304604164937581 0.0001310955784948294 0.0001353721674033472 0.0001341681487126995 0.0001198264422032539 0.0001012747411089002 7.153140827090248e-05 4.191084339680094e-05 2.303431628630918e-05 1.138159045954137e-05 1.214910078795732e-05 2.029103100753587e-05 3.914274819454478e-05 7.436668389413293e-05 0.0001131985409445768 0.0001541458098186209 0.0001981874567952984 0.0002293068332902554 0.0002574810386944711 0.0002797524248574673 0.000280098997160137 0.0002691199306180641 0.0002483396512410882 0.0002130987320308693 0.0001696438030090705 0.0001233684249499195 8.43926061428125e-05 5.198681974621152e-05 3.567320177887548e-05 4.949705291163776e-05 7.787515033943651e-05 0.0001300149878038 0.0002020713027294515 0.0002783857988869775 0.0003565185832637648 0.0004241895316775589 0.000479626912439881 0.0005159892932585141 0.0005326203262494115 0.0005366426137323655 0.0005240387399286967 0.0005041051313799223 0.0004864550530904512 0.0004727638664349475 0.0004645950604270155 0.0004548102499574072 0.000455527247961606 0.0004612992161328969 0.0004674556394527062 0.0004716258022734013 0.0004668087315020519 0.0004622641649603435 0.0004465585690774155 0.000425258701401412 0.00039751658715728 0.0003635800988525798 0.0003328960310700836 0.0003048849901663823 0.0002810007495450609 0.0002673721567286335 0.0002702604512501591 0.0002862572870604029 0.0003084406671027542 0.0003355248671444351 0.0003761847353904122 0.0004148377173810094 0.0004485558688712593 0.0004800892227209435 0.0005013700140284393 0.0005138034260364562 0.000523675449512398 0.0005317635475002124 0.0005322207128124348 0.0005292033760978139 0.0005269773541343302 0.0005175977188382754 0.0004993895797658196 0.0004858979454010794 0.0004684001252653537 0.0004587034220581103 0.0004638037190751786 0.0004761823498486873 0.0004885372867673723 0.0005043751480265481 0.0005446800229664075 0.0005890158012063288 0.0006231865628459465 0.0006616542116343469 0.0006972231165628774 0.0007040149509799145 0.000712178888077443 0.0007101214361108593 0.0006931453291674526 0.0006924927262763824 0.0006853703272953059 0.0007004172297637321 0.0007466476213180197 0.00080183074513318 0.0008653125079193471 0.000932413333045206 0.0009780458869915588 0.001000137248327646 0.0009991649016365171 0.0009565650123854935 0.0008785166874477056 0.0007712153995398795 0.0006440612144425213 0.0005014886072902373 0.0003647207877911045 0.0002314452035966864 0.0001215619643926978 5.102070582077005e-05 3.53881850929961e-06 5.024961716295417e-06 4.952203678213442e-05 0.0001260092656341149 0.0002274300947131321 0.0003513571295408856 0.0004918678731923972 0.0006212972022330388 0.0007279470267812717 0.0008134213275591345 0.000856084224659261 0.0008367582390177951 0.0007963231371937705 0.0007308920792511363 0.0006278320617335954 0.0005155411192978977 0.0004049366284488046 0.0003146483534597321 0.000232809201512697 0.0001611481391302676 0.0001276356087955276 0.0001258477694353633 0.000148410784426943 0.0001791264427517458 0.0002152831436118296 0.0002722059220446592 0.0003148588847685937 0.0003235563379009122 0.0003234961169067191 0.0003141523386480817 0.0002970986813756301 0.0002753731712067278 0.0002391073092942144 0.0002217724458095815 0.0002500563490184254 0.0002860821491880679 0.0003319979542964821 0.0004127132318400748 0.0005101781526047186 0.0006116301200159012 0.0007154307983328388 0.0008127224793692451 0.0008838704404048489 0.0009291650300966136 0.0009480193252716987 0.0009397344198433433 0.0009095689814133252 0.0008547924134192681 0.0007841007737282723 0.0007018037456432335 0.0006005948006725787 0.0005078784471340359 0.0004406418213749735 0.0003714124757418396 0.0003264057688551507 0.0003047322000871897 0.0002906911596356952 0.0002861738822980829 0.0002743316277907311 0.0002636405310368626 0.0002526665586205466 0.000226716276058895 0.0001875320324724495 0.0001636750239487869 0.0001372388125105794 0.0001222573562860838 0.0001269254248804013 0.0001139495649892648 0.0001106414381361491 0.0001196292706110303 0.0001189746129582091 0.0001112327955701268 0.0001296685790607515 0.0001643819608291414 0.0001878863422254414 0.0002344588678557017 0.0003203860709214426 0.0004064572654023451 0.0004940737860301076 0.000596014360602431 0.0006749848938371238 0.0007389096824511 0.0007792584703839535 0.0007965798134060041 0.0008056540909816971 0.0007849711152884964 0.000736062831596933 0.0006709962921592219 0.000603317655045247 0.0005383093164802969 0.0004900142937176716 0.0004551531490340078 0.000449534106387221 0.0004708650906301616 0.0004934795110626268 0.0005345974954791178 0.0006078660984573032 0.000702762715896311 0.0007775394691744047 