# Created by Octave 3.8.1, Wed Mar 23 13:59:47 2016 ACDT <bill@hereford2>
# name: HRA
# type: sparse matrix
# nnz: 7223
# rows: 516
# columns: 2580
208 1 1
296 1 1
368 1 1
242 2 1
323 2 1
362 2 1
84 3 1
150 3 1
437 3 1
114 4 1
211 4 1
409 4 1
314 5 1
361 5 1
372 5 1
135 6 1
261 6 1
270 6 1
349 7 1
422 7 1
481 7 1
90 8 1
167 8 1
300 8 1
64 9 1
212 9 1
407 9 1
57 10 1
195 10 1
253 10 1
26 11 1
50 11 1
55 11 1
52 12 1
317 12 1
488 12 1
16 13 1
406 13 1
487 13 1
142 14 1
372 14 1
470 14 1
120 15 1
360 15 1
429 15 1
244 16 1
314 16 1
431 16 1
167 17 1
399 17 1
402 17 1
164 18 1
203 18 1
259 18 1
133 19 1
136 19 1
404 19 1
179 20 1
211 20 1
257 20 1
22 21 1
56 21 1
101 21 1
180 22 1
195 22 1
243 22 1
413 23 1
436 23 1
463 23 1
161 24 1
229 24 1
487 24 1
224 25 1
489 25 1
514 25 1
121 26 1
295 26 1
496 26 1
57 27 1
101 27 1
150 27 1
22 28 1
109 28 1
358 28 1
394 29 1
487 29 1
504 29 1
17 30 1
184 30 1
234 30 1
9 31 1
87 31 1
490 31 1
54 32 1
279 32 1
511 32 1
84 33 1
233 33 1
240 33 1
20 34 1
399 34 1
415 34 1
98 35 1
176 35 1
412 35 1
311 36 1
470 36 1
484 36 1
322 37 1
433 37 1
490 37 1
308 38 1
364 38 1
416 38 1
86 39 1
197 39 1
252 39 1
91 40 1
115 40 1
472 40 1
77 41 1
194 41 1
489 41 1
41 42 1
314 42 1
478 42 1
110 43 1
423 43 1
493 43 1
192 44 1
246 44 1
381 44 1
18 45 1
98 45 1
139 45 1
11 46 1
401 46 1
480 46 1
210 47 1
291 47 1
511 47 1
133 48 1
268 48 1
362 48 1
248 49 1
272 49 1
293 49 1
276 50 1
357 50 1
466 50 1
389 51 1
458 51 1
503 51 1
100 52 1
298 52 1
359 52 1
37 53 1
327 53 1
342 53 1
4 54 1
21 54 1
142 54 1
239 55 1
298 55 1
326 55 1
15 56 1
299 56 1
369 56 1
32 57 1
225 57 1
304 57 1
15 58 1
220 58 1
320 58 1
7 59 1
272 59 1
364 59 1
10 60 1
51 60 1
486 60 1
109 61 1
177 61 1
261 61 1
82 62 1
93 62 1
105 62 1
19 63 1
84 63 1
316 63 1
50 64 1
403 64 1
471 64 1
137 65 1
150 65 1
476 65 1
278 66 1
336 66 1
430 66 1
43 67 1
275 67 1
460 67 1
181 68 1
236 68 1
379 68 1
89 69 1
476 69 1
484 69 1
206 70 1
243 70 1
253 70 1
113 71 1
261 71 1
446 71 1
285 72 1
373 72 1
400 72 1
10 73 1
330 73 1
447 73 1
95 74 1
248 74 1
373 74 1
12 75 1
310 75 1
472 75 1
180 76 1
365 76 1
490 76 1
23 77 1
155 77 1
272 77 1
93 78 1
240 78 1
401 78 1
100 79 1
144 79 1
158 79 1
124 80 1
276 80 1
471 80 1
200 81 1
229 81 1
328 81 1
130 82 1
292 82 1
417 82 1
81 83 1
99 83 1
312 83 1
149 84 1
175 84 1
344 84 1
6 85 1
101 85 1
331 85 1
251 86 1
317 86 1
429 86 1
181 87 1
365 87 1
383 87 1
227 88 1
297 88 1
341 88 1
156 89 1
404 89 1
501 89 1
215 90 1
260 90 1
361 90 1
194 91 1
333 91 1
410 91 1
284 92 1
417 92 1
480 92 1
206 93 1
462 93 1
477 93 1
177 94 1
434 94 1
492 94 1
171 95 1
474 95 1
508 95 1
174 96 1
444 96 1
482 96 1
40 97 1
119 97 1
332 97 1
136 98 1
309 98 1
336 98 1
187 99 1
261 99 1
429 99 1
89 100 1
260 100 1
310 100 1
98 101 1
344 101 1
369 101 1
156 102 1
435 102 1
460 102 1
44 103 1
80 103 1
291 103 1
30 104 1
123 104 1
346 104 1
48 105 1
257 105 1
365 105 1
78 106 1
183 106 1
392 106 1
349 107 1
358 107 1
402 107 1
126 108 1
197 108 1
452 108 1
56 109 1
78 109 1
120 109 1
3 110 1
16 110 1
430 110 1
212 111 1
264 111 1
301 111 1
43 112 1
260 112 1
419 112 1
111 113 1
459 113 1
462 113 1
183 114 1
195 114 1
406 114 1
63 115 1
390 115 1
410 115 1
54 116 1
147 116 1
342 116 1
35 117 1
217 117 1
493 117 1
63 118 1
467 118 1
500 118 1
333 119 1
353 119 1
390 119 1
158 120 1
165 120 1
498 120 1
96 121 1
120 121 1
378 121 1
100 122 1
151 122 1
230 122 1
270 123 1
335 123 1
403 123 1
38 124 1
83 124 1
188 124 1
97 125 1
106 125 1
443 125 1
4 126 1
28 126 1
258 126 1
139 127 1
326 127 1
505 127 1
163 128 1
252 128 1
499 128 1
67 129 1
70 129 1
148 129 1
251 130 1
298 130 1
508 130 1
139 131 1
182 131 1
485 131 1
42 132 1
153 132 1
241 132 1
214 133 1
300 133 1
382 133 1
117 134 1
260 134 1
289 134 1
26 135 1
122 135 1
264 135 1
98 136 1
111 136 1
182 136 1
132 137 1
143 137 1
455 137 1
105 138 1
302 138 1
481 138 1
13 139 1
135 139 1
264 139 1
61 140 1
235 140 1
451 140 1
330 141 1
362 141 1
489 141 1
223 142 1
236 142 1
483 142 1
183 143 1
232 143 1
485 143 1
95 144 1
287 144 1
365 144 1
295 145 1
371 145 1
376 145 1
95 146 1
309 146 1
447 146 1
55 147 1
248 147 1
301 147 1
29 148 1
248 148 1
382 148 1
65 149 1
176 149 1
278 149 1
35 150 1
215 150 1
237 150 1
75 151 1
169 151 1
409 151 1
130 152 1
183 152 1
285 152 1
8 153 1
155 153 1
168 153 1
98 154 1
140 154 1
292 154 1
344 155 1
446 155 1
463 155 1
46 156 1
91 156 1
290 156 1
239 157 1
277 157 1
482 157 1
155 158 1
263 158 1
339 158 1
131 159 1
234 159 1
323 159 1
75 160 1
126 160 1
376 160 1
246 161 1
376 161 1
386 161 1
3 162 1
335 162 1
495 162 1
44 163 1
162 163 1
286 163 1
260 164 1
490 164 1
502 164 1
199 165 1
398 165 1
450 165 1
21 166 1
182 166 1
322 166 1
99 167 1
105 167 1
115 167 1
118 168 1
378 168 1
390 168 1
76 169 1
469 169 1
483 169 1
8 170 1
159 170 1
370 170 1
87 171 1
119 171 1
426 171 1
271 172 1
457 172 1
461 172 1
257 173 1
292 173 1
441 173 1
171 174 1
249 174 1
406 174 1
98 175 1
108 175 1
162 175 1
44 176 1
59 176 1
73 176 1
255 177 1
451 177 1
506 177 1
17 178 1
20 178 1
256 178 1
276 179 1
362 179 1
511 179 1
91 180 1
228 180 1
507 180 1
50 181 1
57 181 1
107 181 1
21 182 1
306 182 1
498 182 1
90 183 1
459 183 1
491 183 1
262 184 1
301 184 1
323 184 1
118 185 1
208 185 1
274 185 1
208 186 1
329 186 1
478 186 1
214 187 1
357 187 1
516 187 1
35 188 1
82 188 1
337 188 1
140 189 1
396 189 1
450 189 1
159 190 1
279 190 1
304 190 1
58 191 1
137 191 1
183 191 1
277 192 1
396 192 1
502 192 1
158 193 1
272 193 1
285 193 1
180 194 1
202 194 1
249 194 1
53 195 1
396 195 1
420 195 1
93 196 1
282 196 1
427 196 1
58 197 1
120 197 1
349 197 1
264 198 1
308 198 1
386 198 1
40 199 1
389 199 1
508 199 1
98 200 1
287 200 1
353 200 1
4 201 1
43 201 1
413 201 1
284 202 1
311 202 1
500 202 1
183 203 1
371 203 1
375 203 1
24 204 1
59 204 1
304 204 1
7 205 1
326 205 1
485 205 1
123 206 1
125 206 1
410 206 1
133 207 1
223 207 1
484 207 1
57 208 1
190 208 1
306 208 1
223 209 1
285 209 1
353 209 1
124 210 1
134 210 1
431 210 1
156 211 1
348 211 1
377 211 1
202 212 1
219 212 1
239 212 1
34 213 1
74 213 1
156 213 1
324 214 1
343 214 1
438 214 1
67 215 1
72 215 1
402 215 1
452 216 1
455 216 1
499 216 1
63 217 1
367 217 1
503 217 1
123 218 1
179 218 1
200 218 1
303 219 1
368 219 1
458 219 1
303 220 1
395 220 1
419 220 1
169 221 1
267 221 1
490 221 1
40 222 1
227 222 1
230 222 1
32 223 1
59 223 1
203 223 1
24 224 1
225 224 1
397 224 1
32 225 1
65 225 1
73 225 1
5 226 1
21 226 1
436 226 1
220 227 1
300 227 1
398 227 1
218 228 1
310 228 1
326 228 1
103 229 1
266 229 1
293 229 1
222 230 1
259 230 1
363 230 1
113 231 1
362 231 1
416 231 1
111 232 1
168 232 1
497 232 1
100 233 1
104 233 1
458 233 1
30 234 1
69 234 1
250 234 1
146 235 1
344 235 1
443 235 1
266 236 1
417 236 1
460 236 1
4 237 1
47 237 1
60 237 1
195 238 1
335 238 1
476 238 1
14 239 1
103 239 1
227 239 1
55 240 1
126 240 1
392 240 1
145 241 1
394 241 1
494 241 1
37 242 1
41 242 1
352 242 1
40 243 1
122 243 1
422 243 1
18 244 1
166 244 1
383 244 1
184 245 1
313 245 1
468 245 1
188 246 1
265 246 1
344 246 1
267 247 1
438 247 1
443 247 1
38 248 1
118 248 1
199 248 1
116 249 1
265 249 1
425 249 1
35 250 1
204 250 1
417 250 1
60 251 1
316 251 1
496 251 1
53 252 1
439 252 1
452 252 1
133 253 1
142 253 1
472 253 1
58 254 1
90 254 1
396 254 1
9 255 1
180 255 1
246 255 1
296 256 1
440 256 1
449 256 1
63 257 1
281 257 1
458 257 1
57 258 1
392 258 1
395 258 1
30 259 1
312 259 1
398 259 1
17 260 1
210 260 1
283 260 1
86 261 1
137 261 1
253 261 1
157 262 1
189 262 1
391 262 1
105 263 1
240 263 1
307 263 1
29 264 1
247 264 1
268 264 1
73 265 1
240 265 1
337 265 1
285 266 1
320 266 1
501 266 1
122 267 1
251 267 1
269 267 1
9 268 1
157 268 1
499 268 1
31 269 1
324 269 1
409 269 1
199 270 1
208 270 1
408 270 1
347 271 1
415 271 1
434 271 1
73 272 1
245 272 1
365 272 1
55 273 1
180 273 1
264 273 1
135 274 1
262 274 1
407 274 1
86 275 1
94 275 1
267 275 1
2 276 1
141 276 1
150 276 1
42 277 1
191 277 1
253 277 1
67 278 1
110 278 1
254 278 1
119 279 1
165 279 1
